"CHN_MLOC_I" "CHN_MLOC_P" "CHN_MLOC_C" "FD" "SD" "UP" "FW"
"CHN_MLOC_I" 1 0.0313700382354385 0.0360739015704736 -0.0746110260624218 0.140341308688653 -0.0273829774120504 0.358261865860344
"CHN_MLOC_P" 0.0313700382354385 1 0.614615927928869 0.234979141665743 0.145084840892819 0.177122591746654 -0.0326427318646585
"CHN_MLOC_C" 0.0360739015704736 0.614615927928869 1 0.332109769821009 0.179599998963688 0.291919096060326 0.0199779448257426
"FD" -0.0746110260624218 0.234979141665743 0.332109769821009 1 0.380787266864137 0.343311168143811 -0.0420309794087881
"SD" 0.140341308688653 0.145084840892819 0.179599998963688 0.380787266864137 1 0.21492354122164 0.204385935091099
"UP" -0.0273829774120504 0.177122591746654 0.291919096060326 0.343311168143811 0.21492354122164 1 0.238169707552217
"FW" 0.358261865860344 -0.0326427318646585 0.0199779448257426 -0.0420309794087881 0.204385935091099 0.238169707552217 1
