"MLOC_I" "MLOC_P" "MLOC_C" "FD" "SD" "UP" "FW"
"MLOC_I" 1 0.0313700382354385 0.0360739015704736 -0.0746110260624218 0.140341308688652 -0.0273829774120504 0.358261865860344
"MLOC_P" 0.0313700382354385 1 0.614615927928869 0.234979141665743 0.145084840892819 0.177122591746654 -0.0326427318646584
"MLOC_C" 0.0360739015704736 0.614615927928869 1 0.332109769821009 0.179599998963688 0.291919096060326 0.0199779448257431
"FD" -0.0746110260624218 0.234979141665743 0.332109769821009 1 0.380787266864137 0.343311168143811 -0.042030979408788
"SD" 0.140341308688652 0.145084840892819 0.179599998963688 0.380787266864137 1 0.21492354122164 0.204385935091099
"UP" -0.0273829774120504 0.177122591746654 0.291919096060326 0.343311168143811 0.21492354122164 1 0.238169707552217
"FW" 0.358261865860344 -0.0326427318646584 0.0199779448257431 -0.042030979408788 0.204385935091099 0.238169707552217 1
